5i6-

55e-5
755e-55
55e-5555ee-

5e-5
55e-5
55e008823285920345
5e-55
55e-5555ee-

5e-5
5e-5
5e-5
5e-5
5e-5
5e-5
5e-5
5e-5
5e-5
5e-5
5e-5
5e-5
5e-5
5e-5
5e-5

5e5
5e-5
5e-5
5e-5
5e-5
5e-55
5e-5
5e-5
5e-5
5e-5
5e-5
5e-5
5e-5
5e-5
5e-5
5e-5
5e-5
5e-5
5e-5
5e-5
5e-5
5e-5
5e-5
5e-5
5e-5
5e-5
5e-5
5e-5
5e-5
5e-5
5e-5
5e-5
5e-5
5e-4
5e-5'
5e-5
5e-5
5e-5
5e-5
5e-5
5e-5
5e-5
5e-5
5e-5
5e-5
5e-5
5e-5
5e-5
5e-5
5e-5
5e-5
5e-5
5e-5e-5
5e-5
5e-5
5e-5
5e-5
5e-5
5e-5
5e-5
5e-5
5e-5
5e-5
5e-5
5e-5e-5
5e-5
5e-5
5e-5
5e-5
5e-5
5e-5e-5
5e-5
5e-5
5e-5
5e-5
5e-5
5e-5
5e-5
5e-5
5e-5
5e-5
5e-5
5e-5
5e-5
5e-5
5e-5
5e-5
5e-5
5e-5
5e-5'
5e-5
5e-5
5e-4
5e-5
5e-5
5e-5
5e-5
5e-5
5e-5
5e-5
5e-5
5e-5
5e-5
5e-5
5e-5
5e-5

5e-5
5e-5
5e-5
5e-5
5e-5
5e-5
5e-4
5e-5
