1d1
1e22121
1e21
1e1
1e2212
1e21
1e21
e12e11
21
1e21
1*1e1\1e)21
1e21
1e1
1
1e1
1e221
1e21
1
1e1
1e21
1e21
1e1
1e22121
1e1
1e1d(1

C1e21
1e1
1e21
1e20
e12e11
21
1e

C1e21
1e1
1e21
1e21
e12e11
21
1e21
1*1e1
1e)21
1e21
1e1
1
1e1
1e221
1e21
1
1e1
1e21
1e21
1eq
1e22121
1e1
1e1d1

C1e21
1e1
1e21
1e20
e121e21
1e1
1e21
1e20
e12e11
21
1e

C1e21
1e1
1e21
1e21
e12e11
21
1e21
1*1e1
1e)21
1e21
1e1
1
1e1
1e221
1e21
1
1e1
1e21
1e21
1e1
121
1e21
1e1
1e1
:e20
1e21
1e1
1221
e1e21
e11
21
1e21
1
1e1
1e21
1e21
1e1
1e1
1e21
1e21
1e1
1e221
1e21
1e1
1e21
21
1
1e1
1e22121
1e1
1e1d1

C1e2T
1e1
1e21
1e21
e121
1e21
1e1
1
1e1
1e221
1e21
1
1e1
1e21
1e21
1e1
1e22121
1e1
1e1d(1

C1e21
1e1
1e21
1e20
e12e11
21
1e

C1e21
1e1
1e21
1e21
e12e11
21

1e1
1e22121
1e1
1e1d1

C1e21
1e1
1e21
1
e12e11
21
1e21
1
1e1
1e21
1e21
1e1
1e1
1e21
1e21
1e1
1e221
1e21
1e1
1e21
21
1
1e1
1e21
1e21
1e1
1e1
1e21
1e21
1e1
121
1e21
1e1
1e1
1e21
1e21
1e1
1221
e1e21
1e1
1e21
